0.11050699999759672
0.1206400000010035
0.1309079999991809
0.1408949999968172
0.15107500000158325
0.1609600000010687
0.1707200000018929
0.18061000000307104
0.190454999996291
0.2001220000020112
0.21052800000325078
0.22067999999853782
0.23088299999653827
0.2407699999967008
0.2508820000002743
0.26075999999738997
0.2706770000004326
0.28052600000228267
0.2904239999988931
0.300122000000556
0.3105460000006133
0.320889000002353
0.33136199999717064
0.3409860000028857
0.3511900000012247
0.3605939999979455
0.37059900000167545
0.3805500000016764
0.39046300000336487
0.4001219999991008
0.41048700000101235
0.4208139999973355
0.4312809999973979
0.4416239999991376
0.4517810000033933
0.4615219999977853
0.47130099999776576
0.48080299999855924
0.4904309999983525
0.5001219999976456
0.5105039999980363
0.5208120000024792
0.5310810000009951
0.5410120000015013
0.5512250000028871
0.5611009999993257
0.571087999996962
0.580816000001505
0.5904650000011316
0.6001220000034664
0.6103870000006282
0.6205649999974412
0.630844999999681
0.6409799999964889
0.6511089999985415
0.6609220000027562
0.6708549999966635
0.6807170000029146
0.6905160000023898
0.7001220000020112
0.710309000001871
0.7205440000034287
0.7310419999994338
0.7410600000002887
0.7511700000031851
0.7610110000023269
0.770924999997078
0.7807909999974072
0.7905529999989085
0.800122000000556
0.8105070000019623
0.820716000001994
0.8312329999971553
0.8413450000007288
0.8515110000007553
0.8614089999973658
0.8712599999998929
0.8806540000005043
0.890399999996589
0.9001219999991008
0.9103689999974449
0.92062900000019
0.9309809999977006
0.9409089999971911
0.9509390000021085
0.9607239999968442
0.9708160000009229
0.9806850000022678
0.9904810000007274
1.0001219999976456
1.0104270000010729
1.020621999996365
1.0309899999992922
1.0411890000032145
1.0512840000010328
1.060962000003201
1.0710160000016913
1.080604000002495
1.090490000002319
1.1001220000034664
1.1105650000026799
1.1208740000001853
1.1312239999970188
1.14123500000278
1.1513500000000931
1.1611269999993965
1.171105000001262
1.180724999998347
1.190413999996963
1.2001220000020112
1.210571000003256
1.2208499999978812
1.2312279999969178
1.2413919999962673
1.2516919999980018
1.2613379999966128
1.2711459999991348
1.2807230000034906
1.29048899999907
1.300122000000556
1.3104999999995925
1.3207110000003013
1.3310229999988223
1.3408889999991516
1.3511060000018915
1.3609470000010333
1.3709989999988466
1.3806340000010096
1.3904679999977816
1.4001219999991008
1.410570000000007
1.4207319999986794
1.431087999997544
1.440865999997186
1.4511340000026394
1.4607889999970212
1.4707829999970272
1.4804050000020652
1.4904150000002119
1.5001219999976456
1.5102279999991879
1.5203420000034384
1.5306970000019646
1.5406139999977313
1.5509190000011586
1.5605339999965508
1.5705329999982496
1.5803020000021206
1.590146000002278
1.600124999997206
1.6102959999989253
1.6203909999967436
1.6302700000014738
1.6402969999980996
1.6502110000001267
1.6602720000009867
1.6702490000025136
1.6802679999964312
1.690097999999125
1.7001240000026883
1.7101849999962724
1.7204169999968144
1.7304220000005444
1.7404049999968265
1.7503619999988587
1.7604670000000624
1.7702920000010636
1.7802609999998822
1.7901510000010603
1.800124000001233
1.8101890000034473
1.8203040000007604
1.8303210000012768
1.8404470000023139
1.8502450000014505
1.8602969999992638
1.870044000002963
1.8802050000012969
1.8899939999973867
1.9001250000001164
1.9099679999999353
1.9199379999990924
1.929880999996385
1.9399320000011357
1.9497370000026422
1.9599430000016582
1.9698970000026748
1.9800439999962691
1.990083999997296
2.0001249999986612
2.0101660000000265
2.0202009999993606
2.0301170000020647
2.0401829999973415
2.0501040000017383
2.0602270000017597
2.0700100000030943
2.080065000001923
2.0899310000022524
2.100124999997206
2.109781999999541
2.1197489999976824
2.1295570000002044
2.1396250000034343
2.1495169999980135
2.159646000000066
2.1695309999995516
2.1796919999978854
2.1897549999994226
2.2001240000026883
2.2102599999998347
2.220558000000892
2.230517999996664
2.2407010000024457
2.2506720000019413
2.2608079999990878
2.2706899999975576
2.2805799999987357
2.290193000000727
2.300124000001233
2.3100479999993695
2.320103999998537
2.3298890000005485
2.3399219999992056
2.3497589999969932
2.3598799999963376
2.369908000000578
2.3799849999995786
2.3899010000022827
2.4001250000001164
2.4099760000026436
2.420044999998936
2.429892000000109
2.440003000003344
2.449949000001652
2.4600510000018403
2.4699039999977686
2.480148000002373
2.489983999999822
2.5001249999986612
2.5100900000034017
2.5202080000017304
2.529991000003065
2.5401090000013937
2.5500339999998687
2.5601299999980256
2.5699899999963236
2.580093999997189
2.589997000002768
2.6001039999973727
2.609944000003452
2.6199930000002496
2.6298959999985527
2.640067000000272
2.649887999999919
2.65998799999943
2.6698790000009467
2.6799319999990985
2.6899150000026566
2.700103000002855
2.7096440000022994
2.7195019999999204
2.7291780000014114
2.739207999999053
2.749201999999059
2.7594590000007884
2.7694269999992684
2.779690000003029
2.7898050000003423
2.8001030000013998
2.8098140000001877
2.8198449999981676
2.8296019999979762
2.839639999998326
2.8495790000015404
2.8596899999974994
2.8696189999973285
2.879837000000407
2.889867999998387
2.900104000000283
2.909892999996373
2.9198560000004363
2.929714999998396
2.9396970000016154
2.9496579999977257
2.959727000001294
2.9697220000016387
2.9798490000030142
2.9899220000006608
3.000103999998828
3.009633000001486
3.0193660000004456
3.02903299999889
3.039018000003125
3.0488039999981993
3.0588710000010906
3.0688930000032997
3.0792510000028415
3.0895200000013574
3.100126999997883
3.109945999996853
3.1197709999978542
3.129680999998527
3.139713999997184
3.14968499999668
3.1595610000003944
3.169534000000567
3.179651999998896
3.1899709999997867
3.200126999996428
3.209886999997252
3.2195710000014515
3.229494999999588
3.2393690000026254
3.249432999997225
3.259431999998924
3.269411000001128
3.2795489999989513
3.2898300000015297
3.30012600000191
3.3098230000032345
3.319625999996788
3.3295690000013565
3.3394830000033835
3.3495380000022124
3.3595189999978174
3.369574999996985
3.379668000001402
3.389932999998564
3.4001270000007935
3.4100089999992633
3.419871999998577
3.4298839999974007
3.439920999997412
3.4498059999968973
3.4597199999989243
3.469782000000123
3.4797879999969155
3.489930000003369
3.5001269999993383
3.509703999996418
3.5194750000009662
3.529234000001452
3.539077000001271
3.549077000003308
3.5591110000023036
3.5689799999963725
3.5791150000004563
3.5895279999967897
3.60010599999805
3.609497999997984
3.619055000002845
3.628742000000784
3.6386619999975665
3.648607000002812
3.658658000000287
3.668846000000485
3.679240999998001
3.689532999997027
3.7001059999965946
3.7097219999996014
3.719521999999415
3.7294649999967078
3.7392869999966933
3.749169000002439
3.759193999998388
3.7692210000022897
3.779397999998764
3.7896980000004987
3.800105000002077
3.809721999998146
3.8195229999982985
3.8294299999979557
3.839302000000316
3.8492669999977807
3.8593390000023646
3.8694259999974747
3.8796609999990324
3.8897759999963455
3.90010600000096
3.9098809999995865
3.9195980000004056
3.9295189999975264
3.9394479999973555
3.949523000002955
3.959525999998732
3.969654000000446
3.979645999999775
3.9898749999993015
4.000105999999505
4.009918000003381
4.019743999997445
4.0295530000003055
4.039588999999978
4.049479000001156
4.0595979999998235
4.069746000001032
4.079824000000372
4.090126000002783
4.100129999998899
4.1101439999983995
4.119979000002786
4.12998399999924
4.139831000000413
4.149870000001101
4.159677000003285
4.169855000000098
4.180018999999447
4.190002000003005
4.2001299999974435
4.209621000001789
4.219396000000415
4.229121999997005
4.238923999997496
4.248818000000028
4.258880000001227
4.268954999999551
4.279133999996702
4.289416999999958
4.300129000002926
4.309729000000516
4.319383000001835
4.329108999998425
4.339080999998259
4.349171000001661
4.3593889999974635
4.369642999998177
4.379647000001569
4.389969000003475
4.400130000001809
4.410007999998925
4.420089999999618
4.430072000002838
4.440053999998781
4.450128999997105
4.46027000000322
4.47039699999732
4.480301000003237
4.490313000002061
4.500130000000354
4.509878999997454
4.519610000003013
4.529336999999941
4.5392030000002705
4.549128999999084
4.559139999997569
4.569100000000617
4.579249000002164
4.589570999996795
4.600104999997711
4.609834000002593
4.619812999997521
4.629694000002928
4.639643000002252
4.649686999997357
4.6596970000027795
4.669715999996697
4.679821999998239
4.690018000001146
4.700104999996256
4.71036599999934
4.7202350000006845
4.730168000001868
4.740058000003046
4.7501179999962915
4.760047999996459
4.769883000000846
4.779886999996961
4.7900230000013835
4.800104000001738
4.810216999998374
4.820226999996521
4.830462999998417
4.840402000001632
4.850538999999117
4.860519000001659
4.870377999999619
4.880387999997765
4.89026400000148
4.900105000000622
4.91028599999845
4.920412999999826
4.930326000001514
4.940195000002859
4.950312000000849
4.9602149999991525
4.970202999997127
4.9801729999962845
4.990261999999348
5.0001049999991665
5.010189000000537
5.020329999999376
5.030632000001788
5.040584000002127
5.050677999999607
5.060910000000149
5.070952000001853
5.080485999998928
5.090109999997367
5.100107999998727
5.110152000001108
5.120206999999937
5.1302230000001146
5.140298999998777
5.150298000000475
5.160283999997773
5.170273999996425
5.180153000001155
5.190214000002015
5.200107999997272
5.21002099999896
5.220002000001841
5.230063000002701
5.240117000001192
5.250054999996792
5.2601250000006985
5.270132999998168
5.280244000001403
5.290123999999196
5.300107000002754
5.3102080000026035
5.320238000000245
5.3301659999997355
5.340358000001288
5.350641999997606
5.360717000003206
5.370602000002691
5.380323999997927
5.3901760000007926
5.400108000001637
5.410264999998617
5.420445999996446
5.430855999999039
5.440899000001082
5.450897000002442
5.460861999999906
5.470869999997376
5.4805669999987
5.490375000001222
5.500108000000182
5.510576000000583
5.520774999997229
5.531002999996417
5.541282999998657
5.551416000002064
5.561132000002544
5.571069999998144
5.580886999996437
5.590613000000303
5.600106999998388
5.6104469999991124
5.6207979999962845
5.631009999997332
5.641210000001593
5.651225000001432
5.661081999998714
5.671007999997528
5.680801000002248
5.690666000002238
5.700106999996933
5.710411000000022
5.720890999997209
5.731070000001637
5.740962999996555
5.750997000002826
5.761099000003014
5.771029000003182
5.780911000001652
5.7904859999980545
5.800106000002415
5.810464000001957
5.820692000001145
5.831092000000353
5.8410599999988335
5.850893000002543
5.860942999999679
5.870922000001883
5.880719000000681
5.890380999997433
5.900107000001299
5.9103850000028615
5.920602999998664
5.930698999996821
5.940635999999358
5.950797999998031
5.9605739999969956
5.9703670000017155
5.980378000000201
5.990317000003415
6.0001069999998435
6.010457999997016
6.02066499999637
6.030545000001439
6.04064500000095
6.050836000002164
6.0608050000009825
6.070800000001327
6.080620000000636
6.090594000001147
6.100114000000758
6.110110000001441
6.120223999998416
6.130479999999807
6.140478000001167
6.150590999997803
6.160541999997804
6.1705629999996745
6.180717000002915
6.190416999997979
6.200113999999303
6.21020999999746
6.220409000001382
6.23091199999908
6.240989999998419
6.251266999999643
6.261117000001832
6.2708459999994375
6.280465999996522
6.290522000002966
6.300114999998186
6.310451999997895
6.320833999998285
6.331175999999687
6.340818999997282
6.3509740000008605
6.360829999997804
6.370915999999852
6.3807270000033895
6.390490999998292
6.400114999996731
6.410857000002579
6.421275000000605
6.431462000000465
6.4414099999994505
6.451558000000659
6.461613999999827
6.471332000000984
6.480726000001596
6.490350000000035
6.500115000002552
6.51034300000174
6.520551000001433
6.530924999999115
6.541059000002861
6.551282000000356
6.561338999999862
6.571213000002899
6.580885000003036
6.590490000002319
6.600101999996696
6.610569999997097
6.621179000001575
6.63151199999993
6.641322000003129
6.651420000001963
6.661504000003333
6.671507999999449
6.681029999999737
6.690638000000035
6.700101000002178
6.710656000002928
6.721110999998928
6.73115400000097
6.741216000002169
6.751164000001154
6.761179000000993
6.771109000001161
6.780898999997589
6.7905790000004345
6.800101000000723
6.810503000000608
6.820677000003343
6.831024999999499
6.841123999998672
6.851087000002735
6.860975999996299
6.870965000001888
6.880702000002202
6.890435000001162
6.900101999999606
6.910347999997612
6.920592000002216
6.930876999998873
6.940921000001254
6.951007000003301
6.961013000000094
6.970906000002287
6.980647999997018
6.99036299999716
7.000101999998151
7.010304000003089
7.020388999997522
7.0306259999997565
7.040517000001273
7.050560999996378
7.060467000002973
7.070553999998083
7.080346000002464
7.090267999999924
7.100114000000758
7.110354999997071
7.12043999999878
7.130360000002838
7.1404140000013285
7.150396999997611
7.160405000002356
7.170339999996941
7.180227999997442
7.190309999998135
7.200113999999303
7.210133000000496
7.220176000002539
7.230409000003419
7.240297999996983
7.250380999998015
7.260386000001745
7.270321999996668
7.280207999996492
7.2901809999966645
7.300113999997848
7.310349999999744
7.32057899999927
7.330837000001338
7.341053999996802
7.351320000001579
7.361390999998548
7.371151999999711
7.380854000002728
7.390423999997438
7.4001139999963925
7.41022299999895
7.420096000001649
7.430069000001822
7.439960000003339
7.44993699999759
7.459899000001315
7.469819999998435
7.479831999997259
7.489849999998114
7.500114000002213
7.510075999998662
7.52003600000171
7.52999699999782
7.539963000002899
7.550005999997666
7.560001999998349
7.569944000002579
7.579942999997002
7.589996000002429
7.600108999999065
7.609900000003108
7.619717000001401
7.629569999997329
7.639505999999528
7.649466000002576
7.659462999996322
7.669554000000062
7.679715999998734
7.689910000000964
7.70010899999761
7.710189999997965
7.720251999999164
7.730337000000873
7.740372000000207
7.7505160000000615
7.760579000001599
7.770526000000245
7.7802159999992
7.790150000000722
7.8001080000030925
7.81039900000178
7.8205050000033225
7.830812000000151
7.840926999997464
7.850954000001366
7.861016000002564
7.8711180000027525
7.880770999996457
7.890356000003521
7.900109000001976
7.910525999999663
7.920936000002257
7.931066999997711
7.940929999997024
7.951015999999072
7.960807000003115
7.970741999997699
7.980616000000737
7.990384999997332
8.00010900000052
8.010146000000532
8.020092999999179
8.030187999996997
8.040106000000378
8.050225999999384
8.060098000001744
8.070107999999891
8.080108000001928
8.09017699999822
8.10012000000279
8.110075999997207
8.120033999999578
8.130051000000094
8.140028000001621
8.150206999998773
8.160109999997076
8.17004900000029
8.180051000003004
8.190136999997776
8.200120000001334
8.209970999996585
8.219871000001149
8.229844000001322
8.239780999996583
8.249774999996589
8.259626999999455
8.269593999997596
8.279606999996759
8.289789000002202
8.300119999999879
8.310001999998349
8.319820999997319
8.32982500000071
8.339810999998008
8.349804999998014
8.359738999999536
8.369904999999562
8.379891999997199
8.390013999996881
8.400119999998424
8.41012700000283
8.419990000002144
8.429880000003322
8.439813999997568
8.449745999998413
8.45963699999993
8.469814999996743
8.479911000002176
8.49002499999915
8.500119999996969
8.509892000001855
8.51977800000168
8.529853000000003
8.539848000000347
8.549932000001718
8.559995999996318
8.570114000001922
8.579984999996668
8.590050999999221
8.600099000002956
8.610187999998743
8.620238000003155
8.630357000001823
8.640228999996907
8.650258000001486
8.660364000003028
8.670257999998285
8.68022000000201
8.690197999996599
8.7000990000015
8.710194999999658
8.72032400000171
8.730349999997998
8.740387999998347
8.750518000000739
8.760404000000563
8.770323999997345
8.780182000002242
8.790204999997513
8.800099000000046
8.810170999997354
8.820420999996713
8.830732000002172
8.840833000002021
8.851106000001892
8.861212999996496
8.871361999998044
8.880981000002066
8.890605000000505
8.90009899999859
8.910088999997242
8.920047999999952
8.929940000001807
8.939808000002813
8.94959199999721
8.95937099999719
8.96918100000039
8.979075000002922
8.989416999997047
9.000098999997135
9.00956700000097
9.019451000000117
9.02936800000316
9.03941499999928
9.049416000001656
9.059589999997115
9.069713999997475
9.079829000002064
9.089879999999539
9.100106999998388
9.109977000000072
9.119803000001411
9.129758000002766
9.13968400000158
9.149610000000393
9.159558999999717
9.169523999997182
9.179761999999755
9.189868000001297
9.200106999996933
9.209851999999955
9.2197079999969
9.229528999996546
9.239495000001625
9.249426000002131
9.2594969999991
9.269602000000305
9.279750000001513
9.289914000000863
9.300106000002415
9.310001999998349
9.319876000001386
9.329769999996643
9.33974699999817
9.349756000003254
9.359734999998182
9.36978700000327
9.37986500000261
9.389969999996538
9.400107000001299
9.409825000002456
9.419599000000744
9.429456999998365
9.43932599999971
9.44934099999955
9.459358000000066
9.469542999999248
9.479676000002655
9.489926000002015
9.500106999999844
9.509785000002012
9.519562000001315
9.529543999997259
9.539476999998442
9.549415000001318
9.55938900000183
9.569488000001002
9.57963000000018
9.589860000000044
9.600094000001263
9.609587999999349
9.619276999997965
9.629088000001502
9.638897999997425
9.648843000002671
9.658853000000818
9.668962999996438
9.679199999998673
9.68954500000109
9.700093999999808
9.709745000000112
9.719512000003306
9.729322999999567
9.739298000000417
9.749289999999746
9.759300999998231
9.769398999997065
9.779538000002503
9.789804000000004
9.800093999998353
9.80996099999902
9.819778999997652
9.829648999999336
9.839563000001363
9.84954199999629
9.859572000001208
9.869657000002917
9.879809999998542
9.889908999997715
9.900093999996898
9.90994800000044
9.91990899999655
9.929862999997567
9.939806000002136
9.949821000001975
9.95984899999894
9.969943999996758
9.98006699999678
9.99019699999917
10.000094000002719
10.009919999996782
10.019826000003377
10.029928999996628
10.03989900000306
10.049952000001213
10.059938999998849
10.070088000000396
10.08009100000345
10.090142000000924
10.100093000000925
10.110085000000254
10.119973000000755
10.129889000003459
10.139901000002283
10.149967999997898
10.159953000002133
10.170023999999103
10.180028000002494
10.19009399999777
10.20009299999947
10.210243000001356
10.220312999997986
10.230509000000893
10.240522000000055
10.250560000000405
10.260403000000224
10.270406000003277
10.28025599999819
10.290258000000904
10.300092999998014
10.310334000001603
10.320293999997375
10.330375999998068
10.340321000003314
10.350289000001794
10.35998799999652
10.369860999999219
10.379848999997193
10.389918000000762
10.40009299999656
10.410171000003174
10.420154999999795
10.430194000000483
10.440168000000995
10.450154999998631
10.460120000003371
10.470136999996612
10.480094999998983
10.490143000002718
10.50009300000238
10.510300000001735
10.520426000002772
10.530466999996861
10.540459000003466
10.550556000001961
10.560550000001967
10.570589000002656
10.580465999999433
10.590406000002986
10.600087999999232
10.61033899999893
10.620362000001478
10.630490999996255
10.640486999996938
10.65052299999661
10.660427000002528
10.670478000000003
10.680325000001176
10.690183999999135
10.700087999997777
10.710528999996313
10.721023999998579
10.731599999999162
10.741736999996647
10.750998000003165
10.76068800000212
10.770647999997891
10.780373000001418
10.790232999999716
10.800087999996322
10.81002399999852
10.82006900000124
10.830220999996527
10.840300999996543
10.850521000000299
10.860544000002847
10.870569999999134
10.880307999999786
10.890230999997584
10.900088000002143
10.910248000000138
10.920326999999816
10.930277999999817
10.940370999996958
10.950400000001537
10.96030299999984
10.970289999997476
10.980188000001363
10.99020400000154
11.000088000000687
11.010271999999532
11.020316000001912
11.030587000001105
11.040506999997888
11.050357000000076
11.060228000002098
11.070080999998027
11.080056999999215
11.090055000000575
11.100103999997373
11.11033199999656
11.120332999998936
11.130553000002692
11.14054600000236
11.15063299999747
11.160515000003215
11.170631000000867
11.180505999996967
11.190404000000854
11.200103000002855
11.210423999997147
11.22056899999734
11.23070700000244
11.240830000002461
11.250976000002993
11.260815000001458
11.27078099999926
11.280523000001267
11.290426999999909
11.3001030000014
11.310301999998046
11.320442999996885
11.330628999996406
11.340665000003355
11.350807000002533
11.360696999996435
11.370608999997785
11.380433999998786
11.390353000002506
11.400104000000283
11.410261999997601
11.420275999997102
11.43040800000017
11.440410000002885
11.450488000002224
11.46043600000121
11.470462999997835
11.48027600000205
11.490231999996467
11.500103999998828
11.51031299999886
11.520408999997017
11.53067700000247
11.540640999999596
11.550640000001295
11.56051799999841
11.570531999997911
11.580367000002298
11.590259999997215
11.600081999997201
11.610261000001628
11.62035399999877
11.630449999996927
11.640415000001667
11.65047400000185
11.660445000001346
11.670422000002873
11.680348000001686
11.690304999996442
11.700082000003022
11.710424999997485
11.720532999999705
11.730662000001757
11.740712999999232
11.750810999998066
11.760709000001953
11.77066499999637
11.78035799999634
11.790225999997347
11.800082000001566
11.810193999997864
11.820294999997714
11.830363000000943
11.840417999999772
11.850485000002664
11.860396999996738
11.870375999998942
11.88018600000214
11.890184999996563
11.90008300000045
11.910278000003018
11.920287000000826
11.93035200000304
11.940351999997802
11.950504000000365
11.96047499999986
11.97047300000122
11.980372999998508
11.990241999999853
12.000082999998995
12.010262000003422
12.020362000002933
12.030527000002621
12.04053600000043
12.050619000001461
12.060578999997233
12.070591999996395
12.080449000000954
12.090297000002465
12.100110999999742
12.11027599999943
12.120387000002665
12.130497999998624
12.140552999997453
12.150620000000345
12.160510000001523
12.170470999997633
12.180365000000165
12.190307999997458
12.200110999998287
12.210339999997814
12.220475000001898
12.230563999997685
12.240598999997019
12.250663999999233
12.260635999999067
12.270607999998902
12.28047499999957
12.290311999997357
12.300110999996832
12.31032899999991
12.32048400000349
12.330653999997594
12.340700000000652
12.35069300000032
12.360626000001503
12.370625000003201
12.38047099999676
12.390286000001652
12.400111000002653
12.410268999999971
12.42029100000218
12.430379999997967
12.440426000001025
12.450501999999688
12.46042899999884
12.470386000000872
12.480287999998836
12.49022100000002
12.500111000001198
12.510236000001896
12.520299999996496
12.530373000001418
12.54040299999906
12.55046399999992
12.560430999998061
12.570400999997219
12.580298000000766
12.590281999997387
12.600085999998555
12.610266999996384
12.620368999996572
12.63043099999777
12.640415000001667
12.650473000001512
12.660420000000158
12.670423999996274
12.680312999997113
12.690232000000833
12.7000859999971
12.710211999998137
12.720250999998825
12.730375999999524
12.740399000002071
12.750434000001405
12.76036600000225
12.770401000001584
12.780313000002934
12.790295999999216
12.800085000002582
12.810269000001426
12.820315999997547
12.83039799999824
12.840400000000955
12.850485000002664
12.860419999997248
12.87038400000165
12.880302999998094
12.890261000000464
12.900086000001465
12.9102469999998
12.92023099999642
12.930368000001181
12.940322000002197
12.950439000000188
12.96041900000273
12.970476000002236
12.980305999997654
12.990277999997488
13.00008600000001
13.010408000001917
13.020572000001266
13.030695000001288
13.040657999998075
13.0506830000013
13.06065800000215
13.070690000000468
13.080525999997917
13.09040300000197
13.100100999996357
13.11018299999705
13.120199999997567
13.13024199999927
13.140094000002136
13.15018599999894
13.160148000002664
13.170187000003352
13.18019600000116
13.190278000001854
13.20010000000184
13.210189999997965
13.22014499999932
13.230194999996456
13.240054000001692
13.250010999996448
13.259960000003048
13.270037000002048
13.279979999999341
13.29001799999969
13.300100000000384
13.309962999999698
13.319876000001386
13.329826000001049
13.339810999998008
13.349873999999545
13.359827000000223
13.36993999999686
13.37991399999737
13.390043999999762
13.400100999999268
13.410155999998096
13.420122000003175
13.430252999998629
13.440227999999479
13.45024900000135
13.460228999996616
13.470246999997471
13.480130999996618
13.49022100000002
13.500100999997812
13.510207999999693
13.520176999998512
13.530274999997346
13.54024400000344
13.55032499999652
13.560247000001254
13.570246000002953
13.58014600000024
13.59010500000295
13.600087999999232
13.610179000002972
13.62017499999638
13.630284999999276
13.640181000002485
13.650240000002668
13.660197999997763
13.670248000002175
13.680114000002504
13.690155999996932
13.700087999997777
13.710202000002027
13.720092999996268
13.73023600000306
13.740042999997968
13.750084999999672
13.76003099999798
13.770066999997653
13.780016999997315
13.790121999998519
13.800087999996322
13.810155999999552
13.820017999998527
13.830003000002762
13.839887000001909
13.849927000002936
13.85985200000141
13.869914000002609
13.879935999997542
13.890054000003147
13.900088000002143
13.910008999999263
13.919761999997718
13.929736999998568
13.93951499999821
13.949656999997387
13.959621000001789
13.969814999996743
13.979718000002322
13.990007000000332
14.000088000000687
14.010081000000355
14.019892999996955
14.029949999996461
14.039757999998983
14.049715000001015
14.059652999996615
14.069829000000027
14.079780000000028
14.090077000000747
14.10009600000194
14.109988999996858
14.119715000000724
14.12981199999922
14.139670999997179
14.149804000000586
14.159742999996524
14.169843000003311
14.179759999999078
14.1900089999981
14.200096000000485
14.210179000001517
14.220049999996263
14.230110999997123
14.239879000000656
14.249928999997792
14.259788000003027
14.26991299999645
14.279923000001872
14.29007200000342
14.30009599999903
14.310072000000218
14.319973999998183
14.330028999997012
14.339848000003258
14.349935999998706
14.35990899999888
14.370034999999916
14.379958999998053
14.390122999997402
14.400095999997575
14.410169000002497
14.420066999999108
14.430027000002156
14.43997500000114
14.450058000002173
14.460046000000148
14.470078999998805
14.480022000003373
14.49014100000204
14.500095000003057
14.510142999999516
14.52008300000307
14.53012000000308
14.53998600000341
14.550033999999869
14.559950000002573
14.56996000000072
14.579910000000382
14.589982999998028
14.60008299999754
14.60920299999998
14.617756999999983
14.627157000002626
14.636723000003258
14.646881000000576
14.65719099999842
14.66848800000298
14.679177999998501
14.689655000001949
14.700082000003022
14.709948999996413
14.719733999998425
14.72965600000316
14.73955500000011
14.749546999999438
14.759593000002496
14.769720999996935
14.779774000002362
14.789910999999847
14.800082000001566
14.809729000000516
14.819452999996429
14.82911299999978
14.838929999998072
14.848866000000271
14.858838000000105
14.869055000002845
14.879242000002705
14.889600000002247
14.90008300000045
14.909978999996383
14.919865000003483
14.929782999999588
14.939721000002464
14.94981800000096
14.95984199999657
14.969884999998612
14.979957000003196
14.990021999998135
15.000082999998995
15.00990499999898
15.019719999996596
15.029571999999462
15.039518999998108
15.049544000001333
15.059608999996271
15.069665000002715
15.079686999997648
15.089906000001065
15.100094000001263
15.109943000003113
15.119869000001927
15.129922000000079
15.139897000000929
15.14987100000144
15.159928000000946
15.1700090000013
15.179940000001807
15.190028999997594
15.200093999999808
15.210087999999814
15.220005000002857
15.230082000001858
15.239936999998463
15.250025000001187
15.259966999998142
15.270087999997486
15.279994999997143
15.290030999996816
15.300093999998353
15.309926000001724
15.319636000000173
15.329601999997976
15.339402999998129
15.349420999998983
15.359444000001531
15.36971800000174
15.37981900000159
15.39005200000247
15.400093999996898
15.410188000001654
15.42010499999742
15.430026000001817
15.439960999996401
15.450083999996423
15.460006000001158
15.470092000003206
15.48003400000016
15.490153999999166
15.500094000002719
15.509978000001865
15.519780000002356
15.529719999998633
15.539561999998114
15.54977399999916
15.559736000002886
15.569894000000204
15.579914000001736
15.59004200000345
15.600077000002784
15.610045000001264
15.619932000001427
15.629879000000074
15.639634999999544
15.649781000000075
15.659848000002967
15.6698830000023
15.67991400000028
15.690089999996417
15.700077000001329
15.71015400000033
15.720030999997107
15.73014300000068
15.740144000003056
15.750169999999343
15.760173000002396
15.770304999998189
15.780148999998346
15.790109000001394
15.800076999999874
15.810280999998213
15.820217000000412
15.830361000000266
15.840431999997236
15.850482000001648
15.860343000000285
15.870382000000973
15.880334000001312
15.890278999999282
15.900076999998419
15.910138999999617
15.920168999997259
15.930284000001848
15.940295000000333
15.950388999997813
15.960189999997965
15.970056999998633
15.980163000000175
15.990223000000697
16.000076999996963
16.010026999996626
16.020019999996293
16.02999599999748
16.039875000002212
16.049988999999186
16.059981999998854
16.0700680000009
16.080051999997522
16.090179999999236
16.10008899999957
16.11011000000144
16.120239000003494
16.130404000003182
16.140370000000985
16.150305000002845
16.16023999999743
16.170390999999654
16.180190999999468
16.190129000002344
16.200088999998115
16.21029499999713
16.220273999999336
16.230405000002065
16.240452999998524
16.250459000002593
16.26053900000261
16.27070100000128
16.280501000001095
16.290296999999555
16.30008899999666
16.310315000002447
16.32029099999636
16.33032600000297
16.34038999999757
16.350345999999263
16.360216000000946
16.37021100000129
16.380251000002318
16.390291999996407
16.40008900000248
16.410235000003013
16.420209999996587
16.430185999997775
16.4401979999966
16.450250000001688
16.460268000002543
16.470179999996617
16.480148000002373
16.49011900000187
16.500089000001026
16.509941999996954
16.519844000002195
16.529844999997295
16.539787000001525
16.549768999997468
16.559668000001693
16.56977000000188
16.579790999996476
16.58991799999785
16.600076000002446
16.610185999998066
16.62032999999792
16.630457999999635
16.640457000001334
16.65058300000237
16.66053899999679
16.67054199999984
16.680396999996447
16.690292999999656
16.70007600000099
16.710158000001684
16.720263000002888
16.73037199999817
16.740467999996326
16.75051600000006
16.760498999996344
16.770510000002105
16.780397000002267
16.790296999999555
16.800075999999535
16.81015800000023
16.820209999998042
16.83027800000127
16.840352999999595
16.850398000002315
16.860450000000128
16.870558000002347
16.880411999998614
16.890276999998605
16.90007599999808
16.91042500000185
16.920579999998154
16.93074699999852
16.940781999997853
16.95073499999853
16.960660999997344
16.97056000000157
16.98047100000258
16.99033000000054
17.000075999996625
17.010315999999875
17.020501999999397
17.03063700000348
17.040608000002976
17.050680000000284
17.06060399999842
17.070441000003484
17.080423999999766
17.090272000001278
17.100095000001602
17.110407000000123
17.120567999998457
17.13076600000204
17.140808999996807
17.150924000001396
17.160871000000043
17.17080800000258
17.180670000001555
17.190457999997307
17.200095000000147
17.210581999999704
17.220884000002115
17.230989999996382
17.24103599999944
17.251044999997248
17.260928999996395
17.270881999997073
17.280687999998918
17.290499000002455
17.300093999998353
17.310317000003124
17.320507999997062
17.330516000001808
17.340586999998777
17.350702000003366
17.360648000001675
17.370597000001
17.38046200000099
17.3904360000015
17.400094999997236
17.410283999997773
17.42046400000254
17.43053399999917
17.440471000001708
17.450557999996818
17.4605670000019
17.470424999999523
17.480243999998493
17.490295000003243
17.500095000003057
17.51031900000089
17.520477999998548
17.530602999999246
17.54048899999907
17.550501999998232
17.560515999997733
17.570464999997057
17.580304000002798
17.59017699999822
17.600070000000414
17.61033199999656
17.62032100000215
17.630483000000822
17.64052300000185
17.650589999997464
17.66055999999662
17.670583999999508
17.680381999998644
17.69028000000253
17.70006999999896
17.71029699999781
17.720368000002054
17.730554000001575
17.74058900000091
17.750669000000926
17.760607999996864
17.770583999998053
17.780455000000075
17.79038600000058
17.800068999997166
17.81029600000329
17.82039800000348
17.830604000002495
17.840634000000136
17.850728999997955
17.86069100000168
17.87069000000338
17.880490999996255
17.89040599999862
17.900070000003325
17.91035499999998
17.920560999998997
17.930687000000034
17.940692999996827
17.950764000001072
17.960651000001235
17.97066199999972
17.980513000002247
17.99040999999852
18.00007000000187
18.010269999998854
18.020320000003267
18.03049199999805
18.040446999999403
18.05053400000179
18.060514999997395
18.07064299999911
18.080362000000605
18.090315000001283
18.10007400000177
18.110460999996576
18.12054199999693
18.130686999997124
18.140696000002208
18.15085199999885
18.16077999999834
18.17083299999649
18.180611999996472
18.190323000002536
18.200074000000313
18.210251999997126
18.220346000001882
18.230599000002258
18.240437000000384
18.250520000001416
18.260348000003432
18.270494999997027
18.280237999999372
18.290287000003445
18.300073999998858
18.310410999998567
18.320346000000427
18.330540000002657
18.34033400000044
18.35053699999844
18.36033999999927
18.370505999999295
18.38025999999809
18.390236999999615
18.400073999997403
18.4101989999981
18.420077000002493
18.430233999999473
18.440167000000656
18.450324999997974
18.460236999999324
18.47037999999884
18.48026899999968
18.49031300000206
18.500074000003224
18.510356999999203
18.520323999997345
18.53044100000261
18.5403409999999
18.55046399999992
18.560347999999067
18.57034399999975
18.580200999997032
18.590198999998393
18.600080999996862
18.610207999998238
18.62023600000248
18.630450999997265
18.640427999998792
18.650581000001694
18.660487000001012
18.670492999997805
18.680388000000676
18.690287999997963
18.700080000002345
18.710305000000517
18.720304000002216
18.73037199999817
18.740256999997655
18.750253999998677
18.760213000001386
18.770269000000553
18.780221000000893
18.790216000001237
18.80008000000089
18.810176999999385
18.820091000001412
18.83012900000176
18.84013899999991
18.850249000002805
18.8602200000023
18.87029800000164
18.880214999997406
18.890208999997412
18.900080999999773
18.910250000000815
18.92025999999896
18.930279000000155
18.940256000001682
18.950428999996802
18.96026200000051
18.97027800000069
18.980093999998644
18.99008699999831
19.000080999998318
19.00995900000271
19.019854999998643
19.029986000001372
19.039930999999342
19.049974000001384
19.059935999997833
19.070074000002933
19.080062000000908
19.090181999999913
19.100077000002784
19.11038499999995
19.120381000000634
19.130522999999812
19.14039600000251
19.150496000002022
19.160338000001502
19.170368999999482
19.180312999997113
19.19031399999949
19.20007700000133
19.210218000000168
19.22020099999645
19.230258999996295
19.240229000002728
19.250246000003244
19.2601250000007
19.270278999996663
19.28020899999683
19.290216000001237
19.300076999999874
19.31018700000277
19.32009300000209
19.33009100000345
19.340038000002096
19.350095000001602
19.359967999997025
19.370093999998062
19.380052000000433
19.390119999996386
19.40007699999842
19.410123000001477
19.419952999996895
19.43009599999641
19.440035999999964
19.450128999997105
19.45999899999879
19.470159999997122
19.480194999996456
19.49018100000103
19.500076999996963
19.510004999996454
19.519679999997607
19.529621000001498
19.539427000003343
19.54942999999912
19.559286999996402
19.56942600000184
19.579530000002705
19.58991899999819
19.600067999999737
19.609945999996853
19.619747999997344
19.629618999999366
19.63952900000004
19.649521999999706
19.659528999996837
19.669731000001775
19.679715999998734
19.68999099999928
19.700067999998282
19.70982599999843
19.719427999996697
19.729380999997375
19.739258000001428
19.74935800000094
19.759320999997726
19.76951199999894
19.779624000002514
19.789851000001363
19.800067999996827
19.809810999999172
19.819428000002517
19.829299999997602
19.839176000001316
19.84918199999811
19.859144000001834
19.86925699999847
19.87941100000171
19.889680000000226
19.900068000002648
19.909824000002118
19.91954899999837
19.929511000002094
19.93944499999634
19.949486999998044
19.95944900000177
19.96954900000128
19.979566000001796
19.98975800000335
20.000068000001193
20.009644999998272
20.019420999997237
20.029389000002993
20.039293000001635
20.04927399999724
20.05912900000112
20.06920700000046
20.079295000003185
20.089625000000524
20.1000819999972
20.109573000001546
20.119332000002032
20.129252999999153
20.139075999999477
20.14912799999729
20.15920200000255
20.169289999998
20.179407000003266
20.18984400000045
20.20008200000302
20.209540999996534
20.219281999998202
20.22924800000328
20.239195000001928
20.249222999998892
20.259189999997034
20.26924500000314
20.279296000000613
20.29005799999868
20.300082000001566
20.309666000001016
20.319305999997596
20.32925200000318
20.33906500000012
20.349027999996906
20.35902999999962
20.36921699999948
20.379346000001533
20.389439999999013
20.40008300000045
20.409208999997645
20.41871800000081
20.42844299999706
20.438162999998895
20.44805400000041
20.458012000002782
20.468180999996548
20.478465000000142
20.489003000002413
20.500081999998656
20.50931899999705
20.519068000001425
20.529077999999572
20.53915099999722
20.549269000002823
20.559175000002142
20.56935700000031
20.579359000003024
20.59002099999634
20.600070000000414
20.609935000000405
20.619838999999047
20.630018000003474
20.63951100000122
20.64973800000007
20.659609000002092
20.67015099999844
20.679996999999275
20.690083000001323
20.70006999999896
20.709961000000476
20.719490000003134
20.729637999997067
20.73944399999891
20.74953899999673
20.75947499999893
20.769650000002002
20.779521999997087
20.789968999997654
20.800069999997504
20.809801000003063
20.819287999998778
20.829124000003503
20.83895499999926
20.849073999997927
20.8590469999981
20.869244000001345
20.879210999999486
20.88954499999818
20.900069000002986
20.90983799999958
20.91953900000226
20.929424000001745
20.939203000001726
20.949131000001216
20.959131999996316
20.969301999997697
20.979465999997046
20.98961099999724
21.00007000000187
21.009769999996934
21.019373000002815
21.02919600000314
21.03908799999772
21.049119000002975
21.059015999999247
21.069151999996393
21.07940200000303
21.09005900000193
21.1000819999972
21.109427000003052
21.11913099999947
21.128960000001825
21.138820000000123
21.148808999998437
21.158806999999797
21.16895199999999
21.179211000002397
21.18939500000124
21.200081000002683
21.20951700000296
21.219341999996686
21.229301999999734
21.239144999999553
21.249053999999887
21.258981999999378
21.269098999997368
21.279206999999587
21.289598000003025
21.300081000001228
21.309767999999167
21.319479999998293
21.329353000000992
21.339357999997446
21.349417999997968
21.359170999996422
21.369167999997444
21.379139999997278
21.38966800000344
21.400080999999773
21.409726999998384
21.419520000003104
21.429439999999886
21.43935600000259
21.449336999998195
21.459219999997003
21.46938599999703
21.479466999997385
21.48975700000301
21.500081999998656
21.50983599999745
21.519453000000794
21.52917599999637
21.53897799999686
21.549165999997058
21.559128000000783
21.5691599999991
21.579385999997612
21.589600999999675
21.600053000001935
21.609662000002572
21.619352000001527
21.629195000001346
21.63893100000132
21.648753000001307
21.658760999998776
21.668956000001344
21.679339000002074
21.689509999996517
21.70005300000048
21.709656999999424
21.71929100000125
21.729369000000588
21.739097999998194
21.74904499999684
21.759443000002648
21.769712000001164
21.779695999997784
21.789749000003212
21.800052999999025
21.809841000002052
21.819723000000522
21.829451999998128
21.839325000000827
21.84936000000016
21.85940600000322
21.869449999998324
21.879524999996647
21.889844999997877
21.90005299999757
21.91012999999657
21.920106999998097
21.92993900000147
21.939909000000625
21.949934999996913
21.9597219999996
21.9697709999964
21.97987799999828
21.989942000000156
22.00005300000339
22.010138999998162
22.02035700000124
22.030343999998877
22.040313999998034
22.050389999996696
22.060097000001406
22.06988299999648
22.07980900000257
22.08989599999768
22.100083999997878
22.10991500000091
22.119801000000734
22.12996700000076
22.139913999999408
22.149962000003143
22.159952000001795
22.17008299999725
22.180036999998265
22.19000799999776
22.200083999996423
22.209859000002325
22.219756999998935
22.229725999997754
22.239558000001125
22.249664000002667
22.25972499999625
22.2696999999971
22.279708000001847
22.289910999999847
22.300083000001905
22.310122000002593
22.319955999999365
22.33024799999839
22.34028799999942
22.35023099999671
22.360124999999243
22.370205999999598
22.37986799999635
22.389969000003475
22.40008400000079
22.409756000000925
22.41966400000092
22.42972000000009
22.43944499999634
22.44948899999872
22.459303999996337
22.469579999997222
22.479740000002494
22.48985299999913
22.500083999999333
22.510400999999547
22.52078099999926
22.53089799999725
22.54091000000335
22.550898000001325
22.56073099999776
22.570786999996926
22.580456999996386
22.59042999999656
22.600055000002612
22.60996100000193
22.619918999997026
22.62986500000261
22.639780999998038
22.64994100000331
22.659754000000248
22.669808999999077
22.67975899999874
22.690075999998953
22.700055000001157
22.710244000001694
22.72027199999866
22.7301759999973
22.740403999996488
22.750507999997353
22.760604000002786
22.770457999999053
22.780443000003288
22.790291999997862
22.800054999999702
22.81008699999802
22.819879000002402
22.829847000000882
22.83992600000056
22.849920000000566
22.859914000000572
22.870074999998906
22.880150999997568
22.89007500000298
22.900054999998247
22.91018299999996
22.920169999997597
22.93018199999642
22.939980000002834
22.950067999998282
22.95991199999844
22.969895000001998
22.979895999997098
22.990083999997296
23.00005499999679
23.010183999998844
23.020277999996324
23.030533999997715
23.040530999998737
23.050451000002795
23.060323999998218
23.070560000000114
23.08032500000263
23.090115999999398
23.10005899999669
23.11024400000315
23.12012600000162
23.13019499999791
23.140122999997402
23.150096999997913
23.159873999997217
23.169902000001457
23.179878000002645
23.19006200000149
23.200058000002173
23.210489999997662
23.220925000001444
23.231073000002652
23.241361000000325
23.251273000001675
23.26121499999863
23.27078099999926
23.28058299999975
23.29033000000345
23.300058000000718
23.309816000000865
23.31953000000067
23.329411999999138
23.33918299999641
23.34901499999978
23.35895100000198
23.369176000000152
23.379368000001705
23.38967799999955
23.4000589999996
23.409970000000612
23.41984599999705
23.43006299999979
23.440334999999322
23.450362999996287
23.46049900000071
23.470435000002908
23.480392999998003
23.490334000001894
23.500058999998146
23.510426000000734
23.520793000003323
23.53119400000287
23.541242999999668
23.55106599999999
23.561005000003206
23.57079199999862
23.580551999999443
23.59034100000281
23.60006599999906
23.610318999999436
23.620420999999624
23.630733999998483
23.640816999999515
23.650910999996995
23.66083400000207
23.67084199999954
23.680677999996988
23.690467000000353
23.700065999997605
23.710250999996788
23.720296999999846
23.730429000002914
23.74047900000005
23.750539000000572
23.76048399999854
23.77048300000024
23.780392000000575
23.790232999999716
23.800065000003087
23.810265000000072
23.820381999998062
23.830550999999105
23.84058399999776
23.850655000002007
23.860647000001336
23.87062799999694
23.880441000001156
23.890376000003016
23.90006600000197
23.910486000000674
23.920881999998528
23.93124700000044
23.94133100000181
23.951460999996925
23.961428000002343
23.97135200000048
23.981018999998923
23.99065800000244
24.000066000000515
24.01060100000177
24.020791000002646
24.030805000002147
24.04067799999757
24.05047100000229
24.060319999996864
24.07018799999787
24.080011999998533
24.09004499999719
24.10007400000177
24.11018899999908
24.120239000003494
24.130325999998604
24.140355000003183
24.150457999996434
24.160482999999658
24.17046699999628
24.18035399999644
24.190218999996432
24.200074000000313
24.210336999996798
24.220541000002413
24.230702000000747
24.240766000002623
24.250828999996884
24.260881000001973
24.270750000003318
24.280598999997892
24.29033399999753
24.300073999998858
24.310316000002786
24.320456000001286
24.330556000000797
24.340625999997428
24.35060599999997
24.360617999998794
24.370632999998634
24.380505000000994
24.39035100000183
24.400073999997403
24.41033299999981
24.420506000002206
24.43065899999783
24.4406650000019
24.450692999998864
24.460593000003428
24.47057700000005
24.480413999997836
24.490265000000363
24.500074000003224
24.51017999999749
24.52024099999835
24.530264000000898
24.540272999998706
24.55028100000345
24.56024900000193
24.57025099999737
24.58020299999771
24.590149000003294
24.60006499999872
24.61000999999669
24.619926999999734
24.629971000002115
24.63998900000297
24.650031999997736
24.659985999998753
24.67004199999792
24.680052999996406
24.690064000002167
24.700064999997267
24.710151999999653
24.72022100000322
24.730290999999852
24.740300999998
24.750293999997666
24.760277000001224
24.77029400000174
24.780275999997684
24.790195000001404
24.80006400000275
24.81025399999635
24.820402999997896
24.83051400000113
24.840531000001647
24.85054400000081
24.860462999997253
24.87038500000199
24.880331000000297
24.89021099999809
24.900065000001632
24.91015399999742
24.920273999996425
24.930347000001348
24.94028999999864
24.950259999997797
24.960206999996444
24.970196000002034
24.980170000002545
24.990044999998645
25.000065000000177
25.01014800000121
25.020173999997496
25.030266000001575
25.040280000001076
25.050343000002613
25.060315000002447
25.070261000000755
25.08021600000211
25.090146000002278
25.100067999999737
25.11021299999993
25.120413999997254
25.13046100000065
25.140488999997615
25.150555000000168
25.160533000002033
25.17040999999881
25.180281000000832
25.190206999999646
25.200066999997944
25.209992999996757
25.21991100000014
25.229816999999457
25.239704999999958
25.24964899999759
25.259566000000632
25.269663999999466
25.279743999999482
25.289837999996962
25.300067999996827
25.30989899999986
25.319722000000183
25.329655000001367
25.339566000002378
25.34962000000087
25.35967399999936
25.36975099999836
25.379822000002605
25.38994300000195
25.400068000002648
25.409922999999253
25.419758999996702
25.42965700000059
25.439629000000423
25.449651000002632
25.459657999999763
25.469749999996566
25.479761000002327
25.48988300000201
25.500067000000854
25.510008999997808
25.5200130000012
25.529966000001878
25.539935000000696
25.54989999999816
25.55987599999935
25.56991199999902
25.579900999997335
25.590015000001586
25.600055000002612
25.609664999996312
25.61927899999864
25.6289969999998
25.63876799999707
25.6487730000008
25.65871899999911
25.668885999999475
25.67919499999698
25.689602999998897
25.700055000001157
25.709952999997768
25.71980700000131
25.729724999997416
25.739735000002838
25.749808000000485
25.75969400000031
25.769779000002018
25.779837000001862
25.789945999997144
25.800054999999702
25.81004699999903
25.8199420000019
25.82988900000055
25.839906000001065
25.84980799999903
25.85988499999803
25.870001000002958
25.88005400000111
25.89013200000045
25.900054999998247
25.910220999998273
25.92035300000134
25.930457000002207
25.94043999999849
25.950533000002906
25.960527000002912
25.97044399999868
25.980366999996477
25.99018700000306
26.00005499999679
26.010394999997516
26.020537999997032
26.030658999996376
26.04069999999774
26.050751000002492
26.060640000003332
26.070472999999765
26.080259000002115
26.09012999999686
26.10005899999669
26.110247999997227
26.120412999996915
26.130542999999307
26.140553999997792
26.15065599999798
26.160639000001538
26.17063600000256
26.18050499999663
26.19026799999847
26.200058000002173
26.210343999999168
26.2203509999963
26.230430000003253
26.240430999998352
26.25050000000192
26.260410000002594
26.270402000001923
26.280299999998533
26.29022399999667
26.300058000000718
26.310308000000077
26.320393000001786
26.330479999996896
26.34057500000199
26.350572000003012
26.36051199999929
26.37047000000166
26.3803459999981
26.390247000003
26.4000589999996
26.410103000001982
26.420125999997254
26.430279000000155
26.440279000002192
26.45031999999628
26.46035600000323
26.47037999999884
26.480273000001034
26.490198999999848
26.500058999998146
26.51028999999835
26.520385999996506
26.530510999997205
26.540461999997206
26.55050399999891
26.560456999999587
26.570494999999937
26.58036600000196
26.59027899999637
26.600057999996352
26.61034500000096
26.62050900000031
26.630709999997634
26.640841000000364
26.65088100000139
26.660816999996314
26.670741000001726
26.68058700000256
26.690347000003385
26.700057000001834
26.71039600000222
26.720491000000038
26.730649999997695
26.740641999997024
26.75065999999788
26.76049100000091
26.770454999998037
26.780276999998023
26.79014499999903
26.80005700000038
26.809927000002062
26.819923000002746
26.83009299999685
26.840101000001596
26.850180000001274
26.860200000002806
26.870262999997067
26.880143000002136
26.890148999998928
26.900057999999262
26.910108999996737
26.920071000000462
26.93015600000217
26.940190000001166
26.950254000003042
26.960313999996288
26.970336999998835
26.980265999998664
26.990209999996296
27.000057999997807
27.010205999999016
27.020321999996668
27.030455000000075
27.040460999996867
27.050483999999415
27.060490999996546
27.070435000001453
27.08032500000263
27.090275000002293
27.10007300000143
27.1103460000013
27.120521999997436
27.130694999999832
27.140721000003396
27.15079500000138
27.160798999997496
27.17077099999733
27.18063599999732
27.190425000000687
27.200072999999975
27.210339999997814
27.22048899999936
27.230579000002763
27.24061800000345
27.25063699999737
27.26063499999873
27.27057500000228
27.28042899999855
27.29027700000006
27.30007299999852
27.310153999998874
27.320221000001766
27.330336999999417
27.340485000000626
27.350501000000804
27.36050499999692
27.37053300000116
27.38047799999913
27.390352000002167
27.400072999997064
27.410271000000648
27.420296999996935
27.43039200000203
27.440394999997807
27.450402000002214
27.460374000002048
27.470345000001544
27.48021599999629
27.490230000003066
27.500073000002885
27.51021999999648
27.52028699999937
27.530350000000908
27.540360999999393
27.550411999996868
27.560324999998556
27.570356999996875
27.580304000002798
27.59024700000009
27.600039999997534
27.610078999998223
27.62007099999755
27.630105999996886
27.640090000000782
27.650070000003325
27.660039000002143
27.670077000002493
27.68004700000165
27.69012500000099
27.700039000003017
27.71016000000236
27.720063000000664
27.730209000001196
27.740166000003228
27.75013300000137
27.7599990000017
27.770000999997137
27.779943000001367
27.79003499999817
27.80003900000156
27.810060999996495
27.820009000002756
27.830033999998705
27.840024999997695
27.849967000001925
27.85996200000227
27.870067999996536
27.880036000002292
27.89011400000163
27.900040000000445
27.910209000001487
27.920180000000983
27.930293999997957
27.940301000002364
27.950277999996615
27.96019299999898
27.970257000000856
27.98007399999915
27.99010399999679
28.00003999999899
28.010071999997308
28.019983999998658
28.029986000001372
28.039959000001545
28.05006300000241
28.05996800000139
28.070058999997855
28.080019000000902
28.09010500000295
28.100052000001597
28.110140999997384
28.119966999998724
28.130025999998907
28.140119000003324
28.150236000001314
28.16012000000046
28.17020500000217
28.180089000001317
28.19013100000302
28.20005200000014
28.210179000001517
28.22012199999881
28.230192000002717
28.24003100000118
28.250072000002547
28.25999800000136
28.27014899999631
28.280165999996825
28.29013400000258
28.300051999998686
28.310056000002078
28.319839000003412
28.329854999996314
28.33969899999647
28.349891999998363
28.359832000001916
28.36997600000177
28.379902000000584
28.390008000002126
28.40005199999723
28.410102000001643
28.420037999996566
28.43007999999827
28.43993500000215
28.44999700000335
28.46004399999947
28.470134000002872
28.480114999998477
28.49004099999729
28.500052000003052
28.509978000001865
28.519862000001012
28.529890999998315
28.539820999998483
28.549881999999343
28.55979500000103
28.569931999998516
28.579893000001903
28.590016000001924
28.600038999997196
28.610137000003306
28.620183999999426
28.63022600000113
28.64019299999927
28.65009299999656
28.659973000001628
28.67000199999893
28.67993900000147
28.690113999997266
28.700038000002678
28.710056999996596
28.71990299999743
28.72999500000151
28.739793000000645
28.749876000001677
28.759831000003032
28.76990300000034
28.77987800000119
28.790055999998003
28.800038000001223
28.81008699999802
28.820024000000558
28.830026000003272
28.839985999999044
28.850083999997878
28.86000200000126
28.870074999998906
28.880024999998568
28.890142999996897
28.900039000000106
28.909974000001966
28.919714000003296
28.92978299999959
28.939656000002287
28.94968599999993
28.959485999999742
28.969718000000285
28.979773999999452
28.98994500000117
29.00003899999865
29.010056999999506
29.019891999996617
29.029955999998492
29.03979899999831
29.049901999998838
29.059825999996974
29.069978999999876
29.079948999999033
29.090063999996346
29.100062999998045
29.109944000003452
29.11991400000261
29.129931000003126
29.13975699999719
29.149789000002784
29.159654000002774
29.16983800000162
29.17982800000027
29.190013999999792
29.20006299999659
29.210095000002184
29.219986999996763
29.23008000000118
29.23996900000202
29.250065000000177
29.259923999998136
29.270038000002387
29.280041999998502
29.29011200000241
29.30006200000207
29.31002399999852
29.319836000002397
29.329885999999533
29.33976100000291
29.349867999997514
29.359792000002926
29.369965999998385
29.379949000001943
29.390055000003485
29.400063000000955
29.410095999999612
29.41996900000231
29.429847999999765
29.43971800000145
29.4497560000018
29.45971599999757
29.46980800000165
29.479870000002848
29.4899860000005
29.5000629999995
29.510052999998152
29.519993000001705
29.53012999999919
29.540141999998013
29.550194000003103
29.560146999996505
29.570197000000917
29.580133000003116
29.590070999998716
29.60005000000092
29.610161999997217
29.62019899999723
29.630223000000115
29.640215999999782
29.650266999997257
29.660248000000138
29.670172999998613
29.680075999996916
29.690089999996417
29.700049999999464
29.710026000000653
29.72005199999694
29.730011999999988
29.73990000000049
29.75000700000237
29.75992899999983
29.770017000002554
29.780052000001888
29.790093999996316
29.80004999999801
29.809832999999344
29.819617000001017
29.829639000003226
29.839454000000842
29.84949400000187
29.859411999997974
29.869604999999865
29.87969300000259
29.889923000002455
29.900049999996554
29.909953000002133
29.919856000000436
29.92986699999892
29.939891000001808
29.950001999997767
29.960098999996262
29.970197000002372
29.98011399999814
29.990200000000186
30.000049000002036
30.009965999997803
30.019844000002195
30.029803999997966
30.03966699999728
30.049636000003375
30.059724999999162
30.069838000003074
30.079868000000715
30.090069999998377
30.10004900000058
30.109802999999374
30.119219000000157
30.12888799999928
30.138385999998718
30.14849099999992
30.15834100000211
30.168704000003345
30.17875400000048
30.189507000002777
30.200048999999126
30.20985500000097
30.21951299999637
30.22942999999941
30.239255000000412
30.249386000003142
30.25931799999671
30.269611999996414
30.27969000000303
30.289928999998665
30.30004899999767
30.309737000003224
30.31915499999741
30.329226000001654
30.33893900000112
30.349222999997437
30.35922500000015
30.369574999996985
30.37952100000257
30.389775999996345
30.40004900000349
30.4098559999984
30.419133000003058
30.428718000002846
30.438051999997697
30.448060000002442
30.457931999997527
30.468074999997043
30.47828699999809
30.489102999999886
30.500049000002036
30.509531999996398
30.518894000000728
30.528869000001578
30.538817000000563
30.54907000000094
30.559109000001627
30.569692999997642
30.57990499999869
30.59016200000042
30.600028000000748
30.610445999998774
30.62055600000167
30.630664999996952
30.64045299999998
30.650212000000465
30.66001800000231
30.67008899999928
30.679791000002297
30.689896999996563
30.700027999999293
30.71004499999981
30.71982299999945
30.729684999998426
30.739456000002974
30.74964799999725
30.75970899999811
30.769835999999486
30.77990200000204
30.789920000002894
30.800027999997837
30.810129999998026
30.8199420000019
30.83000699999684
30.83991999999853
30.84997999999905
30.860021000000415
30.87005599999975
30.880175999998755
30.890222000001813
30.900027999996382
30.910287999999127
30.92047399999865
30.930813999999373
30.940834000000905
30.950809000001755
30.960783000002266
30.97065499999735
30.980423000000883
30.99038699999801
31.000028000002203
31.010164999999688
31.020274000002246
31.030431999999564
31.040531999999075
31.05081899999641
31.060801999999967
31.07065500000317
31.080394999997225
31.090383000002475
31.10004399999889
31.11036900000181
31.120348999997077
31.13054099999863
31.140502000002016
31.150714000003063
31.16074099999969
31.170695000000705
31.180583000001207
31.190357999999833
31.200043999997433
31.210253999997803
31.22026100000221
31.230415999998513
31.240375000001222
31.25050899999769
31.260426000000734
31.27050700000109
31.280360999997356
31.29044199999771
31.300043000002916
31.310598999996728
31.320763000003353
31.330918999999994
31.340927999997803
31.350989999999
31.36087199999747
31.370920000001206
31.380677000001015
31.39045199999964
31.4000440000018
31.410611999999674
31.42083200000343
31.431060000002617
31.440993999996863
31.451093999996374
31.460958999996365
31.47092800000246
31.480619000001752
31.49042300000292
31.500044000000344
31.510091999996803
31.520104000002902
31.529992000003404
31.53993199999968
31.549972000000707
31.55994600000122
31.570067000000563
31.57988099999784
31.590141000000585
31.600035000003118
31.61036199999944
31.620492000001832
31.630559999997786
31.640650000001187
31.650823999996646
31.660666999996465
31.67066899999918
31.680482999996457
31.690311999998812
31.700035000001662
31.710351000001538
31.720311999997648
31.730461999999534
31.740610000000743
31.750678999997035
31.760635999999067
31.77065500000026
31.780471999998554
31.79030800000328
31.800035000000207
31.810418000000936
31.820570999996562
31.830760999997437
31.840799999998126
31.85088700000051
31.86071300000185
31.870646000003035
31.880369999998948
31.890306000001146
31.900034999998752
31.910305999997945
31.920422000002873
31.930623000000196
31.94069699999818
31.95083500000328
31.960729999998875
31.970738999996684
31.98052800000005
31.99047900000005
32.0000349999973
32.01019400000223
32.020088999997824
32.03020700000343
32.040203999997175
32.05031700000109
32.06023200000345
32.07026400000177
32.080095999997866
32.089999000003445
32.10004900000058
32.11028400000214
32.12026099999639
32.13045399999828
32.14040099999693
32.150517000001855
32.160549000000174
32.17031500000303
32.18025900000066
32.19028399999661
32.200049999999464
32.2102109999978
32.220281000001705
32.23043599999801
32.24043499999971
32.25038900000072
32.26030599999649
32.27035700000124
32.28027299999667
32.29021300000022
32.30004999999801
32.31046999999671
32.32059599999775
32.33082999999897
32.34090599999763
32.351127000001725
32.36101800000324
32.37096300000121
32.38059899999644
32.390362999998615
32.400049999996554
32.41009099999792
32.41990100000112
32.42983600000298
32.43969300000026
32.44967699999688
32.45966200000112
32.4698189999981
32.47977600000013
32.48986999999761
32.500050000002375
32.51030100000207
32.52045199999702
32.530533999997715
32.540579000000434
32.55084599999827
32.5606059999991
32.57039100000111
32.58020499999839
32.59015599999839
32.600029000001086
32.61025099999824
32.62017000000196
32.630316000002495
32.640144999997574
32.650086000001465
32.66004100000282
32.6700589999964
32.680027000002156
32.690073999998276
32.70002899999963
32.71038299999782
32.72064500000124
32.73084199999721
32.740812999996706
32.7510489999986
32.76074199999857
32.77092899999843
32.780470999998215
32.79027099999803
32.800028999998176
32.81041600000026
32.82062700000097
32.83099999999831
32.84116699999868
32.85126799999853
32.8609110000034
32.87076800000068
32.8804369999998
32.89024000000063
32.90002899999672
32.91026899999997
32.920397000001685
32.93087299999752
32.94106699999975
32.951335999998264
32.96110200000112
32.970970000002126
32.9805320000014
32.990311000001384
33.00002900000254
33.010120999999344
33.020111999998335
33.03026800000225
33.04032300000108
33.05048600000009
33.060482000000775
33.070536999999604
33.080362000000605
33.090267999999924
33.100053000001935
33.11034800000198
33.12041899999895
33.130396000000474
33.140347000000475
33.150324000002
33.160319000002346
33.17023199999676
33.18018999999913
33.19018099999812
33.20005300000048
33.21012599999813
33.22019700000237
33.23027500000171
33.24026199999935
33.25033999999869
33.260245999998006
33.27022500000021
33.28012100000342
33.29010600000038
33.300052999999025
33.31003999999666
33.320042999999714
33.330073999997694
33.34004299999651
33.350069000000076
33.36009300000296
33.37014099999942
33.380083999996714
33.3900799999974
33.40005299999757
33.41010200000164
33.42005500000232
33.43009500000335
33.4400999999998
33.45008399999642
33.46001000000251
33.47001299999829
33.480022999996436
33.490049
33.50005300000339
33.509869000001345
33.51971000000049
33.529678999999305
33.539622999996936
33.54969500000152
33.55974399999832
33.56981000000087
33.579892000001564
33.58997100000124
33.60002800000075
33.6100179999994
33.620012999999744
33.63003200000094
33.6399969999984
33.64992799999891
33.65990099999908
33.66994100000011
33.67994599999656
33.69004999999743
33.70002799999929
33.709985000001325
33.719960000002175
33.72996899999998
33.73998099999881
33.75003000000288
33.76001900000119
33.769984999999
33.77992500000255
33.79000700000324
33.80002799999784
33.80994600000122
33.81988799999817
33.829875000003085
33.839905000000726
33.84991699999955
33.85984699999972
33.869824000001245
33.87984000000142
33.889923000002455
33.90002799999638
33.90997200000129
33.91988400000264
33.92980499999976
33.93976500000281
33.94976499999757
33.95976099999825
33.96980900000199
33.97983799999929
33.989872999998624
34.0000280000022
34.00987599999644
34.01980000000185
34.0297900000005
34.03974900000321
34.049793999998656
34.059815000000526
34.06983900000341
34.07987200000207
34.08996699999989
34.100038999997196
34.10995700000058
34.11986199999956
34.12982799999736
34.13977100000193
34.14974700000312
34.1597150000016
34.169717999997374
34.179801999998745
34.1898829999991
34.20003800000268
34.209853000000294
34.21966899999825
34.229590000002645
34.23945999999705
34.24941299999773
34.25939300000027
34.26942599999893
34.279497000003175
34.28978199999983
34.30003800000122
34.309752000001026
34.319596000001184
34.329429999997956
34.339347000001
34.34936500000185
34.3593469999978
34.36941800000204
34.37959799999953
34.38983100000041
34.400039000000106
34.409914999996545
34.419843999996374
34.42984399999841
34.43980800000281
34.44987299999775
34.459836000001815
34.4698819999976
34.47992299999896
34.4900140000027
34.50003899999865
34.5099859999973
34.519861000000674
34.529772000001685
34.539700000001176
34.549723999996786
34.55970099999831
34.569704000001366
34.57970899999782
34.589874999997846
34.60002199999872
34.60992999999871
34.61974499999633
34.629713000002084
34.63955300000089
34.64954099999886
34.65954200000124
34.669622000001254
34.67969599999924
34.68992799999978
34.70002199999726
34.70995299999777
34.71989400000166
34.729849000003014
34.73976799999946
34.7497629999998
34.75976799999626
34.769804000003205
34.779773000002024
34.78989900000306
34.800021000002744
34.80982899999799
34.81959800000186
34.82958299999882
34.839468999998644
34.84947600000305
34.85939700000017
34.86949099999765
34.87956799999665
34.88979500000278
34.90002200000163
34.90978100000211
34.91951800000243
34.92938600000343
34.93918699999631
34.94922200000292
34.95921300000191
34.9693780000016
34.979512999998406
34.989753000001656
35.00002200000017
35.00988099999813
35.01969000000099
35.02973699999711
35.039749999996275
35.04991200000222
35.05989699999918
35.0699289999975
35.07991700000275
35.08999500000209
35.10004199999821
35.11008299999958
35.11995100000058
35.12996700000076
35.13995299999806
35.150032999998075
35.1599470000001
35.169929999996384
35.17988000000332
35.18999700000131
35.200041999996756
35.209993999997096
35.21979100000317
35.22971099999995
35.23957800000062
35.249588999999105
35.259476999999606
35.26958200000081
35.279640000000654
35.28985799999646
35.30004100000224
35.31007700000191
35.32000700000208
35.32999900000141
35.339953000002424
35.350029000001086
35.35997599999973
35.37007299999823
35.38011700000061
35.390166999997746
35.40004200000112
35.410106000003
35.42018100000132
35.43029299999762
35.44032100000186
35.45047899999918
35.4604760000002
35.470376999997825
35.480224999999336
35.49016400000255
35.50004199999967
35.51006100000086
35.519970000001194
35.52999599999748
35.54000300000189
35.5501030000014
35.5601020000031
35.57021800000075
35.580159999997704
35.59010500000295
35.60002099999838
35.61003000000346
35.61982700000226
35.62978299999668
35.63974900000176
35.64986900000076
35.65991699999722
35.67012799999793
35.68017400000099
35.69018199999846
35.70002099999692
35.710054000002856
35.71997399999964
35.72998599999846
35.7399379999988
35.749950999997964
35.759845000000496
35.76988800000254
35.7798380000022
35.7899929999985
35.800020000002405
35.8099629999997
35.81978499999968
35.8298020000002
35.839717000002565
35.84977700000309
35.85963800000172
35.8697800000009
35.87988100000075
35.890063999999256
35.90002100000129
35.90992499999993
35.9197159999967
35.92963299999974
35.93949900000007
35.94965399999637
35.959626999996544
35.9697079999969
35.97964499999944
35.989889999997104
36.00002099999983
36.01027400000021
36.020314000001235
36.030329000001075
36.04028300000209
36.050279000002774
36.06014600000344
36.07020000000193
36.080134000003454
36.090196999997715
36.10004499999923
36.11000700000295
36.11980200000107
36.12970700000005
36.13940800000273
36.14946300000156
36.1595690000031
36.16987599999993
36.17999899999995
36.19008000000031
36.20004499999777
36.209818000003
36.219724000002316
36.22983599999861
36.23990899999626
36.250121999997646
36.260011999998824
36.2701240000024
36.28013900000224
36.290227999998024
36.30004499999632
36.31007600000157
36.31985600000189
36.32990399999835
36.339568000003055
36.34962700000324
36.359307999999146
36.36986700000125
36.380215999997745
36.390275999998266
36.40004500000214
36.41013799999928
36.41997000000265
36.43021800000133
36.440176999996766
36.45037299999967
36.46016000000236
36.470307999996294
36.48011899999983
36.490169999997306
36.50004500000068
36.51024099999631
36.52014400000189
36.530230999997
36.540138999997
36.55018700000073
36.55995699999767
36.570088000000396
36.58005899999989
36.59029500000179
36.600015999996685
36.609991999997874
36.61983699999837
36.62993299999653
36.639602000002924
36.64966699999786
36.65946000000258
36.66959700000007
36.67956299999787
36.69007899999997
36.70001500000217
36.71038799999951
36.720304000002216
36.73043599999801
36.74032499999885
36.75053900000057
36.76047400000243
36.7706079999989
36.78031100000226
36.79037399999652
36.80001500000071
36.810112999999546
36.819892999999865
36.8301019999999
36.83981700000004
36.8499559999982
36.85990799999854
36.87005700000009
36.87981800000125
36.890104999998584
36.900015999999596
36.91031700000167
36.92017599999963
36.930490999999165
36.940277000001515
36.95043499999883
36.96045299999969
36.970556000000215
36.98038899999665
36.99032199999783
37.00001599999814
37.010285999996995
37.02028699999937
37.03059499999654
37.04058800000348
37.050820999997086
37.060913000001165
37.07099200000084
37.080738999997266
37.09060699999827
37.100038999997196
37.11044099999708
37.12059099999897
37.1308480000007
37.14073900000221
37.1507649999985
37.160603999996965
37.170696000001044
37.18042599999899
37.19041599999764
37.20003800000268
37.210416000001715
37.220407000000705
37.230515000002924
37.24044600000343
37.250591999996686
37.26031199999852
37.27045899999939
37.28011500000139
37.29032300000108
37.30003800000122
37.31035500000144
37.32026000000042
37.330512000000454
37.34049699999741
37.35074999999779
37.360608000002685
37.370764999999665
37.38041599999997
37.39031200000318
37.400039000000106
37.41036599999643
37.42048999999679
37.430834999999206
37.44080699999904
37.45097700000042
37.46094399999856
37.470844000003126
37.4804260000019
37.49051699999836
37.50003899999865
37.51056899999821
37.52050700000109
37.53059799999755
37.54040099999838
37.55061900000146
37.56044899999688
37.570379999997385
37.580196000002616
37.59026299999823
37.60001000000193
37.610381999998935
37.62006300000212
37.6302050000013
37.63993800000026
37.65009699999791
37.65980500000296
37.67020000000048
37.680145999998786
37.69015300000319
37.700010000000475
37.7099739999976
37.71955599999637
37.730046999997285
37.73991499999829
37.74996200000169
37.75959600000351
37.770048999998835
37.779858000001695
37.79024400000344
37.80000999999902
37.810450999997556
37.820370000001276
37.8305229999969
37.840408999996725
37.85046200000215
37.86022499999672
37.87033099999826
37.88011600000027
37.89024300000165
37.900009999997565
37.91028799999913
37.91988400000264
37.93023099999846
37.94007299999794
37.950448000003234
37.960353000002215
37.97068700000091
37.98040400000173
37.990460000000894
38.000010000003385
38.01027500000055
38.02014700000291
38.03034699999989
38.040093999996316
38.05026899999939
38.06003000000055
38.07014000000345
38.07998000000225
38.090305999998236
38.10002600000007
38.1059580000001
38.11149799999839
38.11716799999704
38.12328900000284
38.129753000001074
38.13540700000158
38.140896999997494
38.14660200000071
38.15205699999933
38.15772899999865
